94975 YMHB Hobart Airport Observations at 00Z 28 Jun 2013

-----------------------------------------------------------------------------
   PRES   HGHT   TEMP   DWPT   RELH   MIXR   DRCT   SKNT   THTA   THTE   THTV
    hPa     m      C      C      %    g/kg    deg   knot     K      K      K 
-----------------------------------------------------------------------------
 1019.0     27    9.2    4.2     71   5.10    355      7  280.8  295.1  281.7
 1015.0     59    8.8    3.8     71   4.98    346      8  280.8  294.7  281.6
 1008.0    116   10.2    4.2     66   5.15    329     10  282.7  297.2  283.6
 1002.0    166    9.6    3.6     66   4.97    315     11  282.6  296.6  283.4
 1000.0    182   10.0    4.0     66   5.12    310     12  283.1  297.6  284.0
  999.0    190   10.0    4.0     66   5.13    309     12  283.2  297.7  284.1
  948.0    623    7.1    2.5     72   4.86    270     21  284.6  298.4  285.4
  925.0    826    5.8    1.8     75   4.73    275     22  285.2  298.8  286.1
  910.0    959    4.8    1.0     77   4.55    275     24  285.5  298.6  286.3
  890.0   1141    3.4    0.0     78   4.32    252     23  285.9  298.4  286.7
  888.0   1159    3.3   -0.2     78   4.27    250     23  286.0  298.4  286.8
  864.0   1381    2.6   -2.4     70   3.73    262     23  287.5  298.4  288.2
  859.0   1428    2.6   -5.6     55   2.95    265     23  288.0  296.7  288.5
  850.0   1513    2.6  -11.4     35   1.89    260     22  288.9  294.6  289.2
  844.0   1570    2.4  -12.6     32   1.73    257     21  289.2  294.6  289.5
  835.0   1657    3.4  -28.6      7   0.44    252     20  291.2  292.6  291.2
  812.0   1882    1.8  -24.2     13   0.67    240     17  291.8  294.1  292.0
  789.0   2113    0.2  -19.6     21   1.03    260     15  292.5  295.8  292.7
  786.0   2144    0.0  -19.0     22   1.09    260     15  292.6  296.1  292.8
  759.0   2422   -1.7  -25.6     14   0.63    265     11  293.7  295.8  293.8
  753.0   2485   -2.1  -27.1     13   0.55    270     12  293.9  295.8  294.0
  731.0   2721   -2.5  -30.2     10   0.43    290     18  296.0  297.5  296.1
  721.0   2830   -2.7  -31.7      9   0.38    290     19  296.9  298.2  297.0
  700.0   3063   -4.5  -34.5      8   0.29    290     21  297.5  298.5  297.5
  670.0   3399   -7.2  -35.1      9   0.29    285     24  298.1  299.2  298.2
  636.0   3798  -10.5  -35.9     10   0.28    270     20  298.9  299.9  298.9
  574.0   4584  -16.9  -37.3     15   0.27    285     27  300.3  301.2  300.3
  558.0   4801  -18.7  -37.7     17   0.27    278     28  300.6  301.6  300.6
  539.0   5058  -20.2  -41.1     14   0.20    270     29  301.8  302.5  301.8
  538.0   5072  -20.3  -41.3     14   0.19    270     29  301.8  302.6  301.9
  500.0   5610  -24.5  -42.5     17   0.18    275     28  303.1  303.8  303.1
  493.0   5713  -25.1  -44.1     15   0.16    277     30  303.6  304.2  303.6
  485.0   5832  -25.7  -34.7     43   0.42    279     32  304.3  305.8  304.4
  481.0   5892  -26.1  -41.1     23   0.22    280     33  304.5  305.3  304.6
  478.0   5938  -26.7  -36.7     38   0.35    279     33  304.3  305.6  304.4
  461.0   6199  -28.9  -48.9     13   0.10    274     32  304.7  305.1  304.8
  451.0   6356  -30.3  -39.3     41   0.28    271     32  304.9  305.9  304.9
  449.0   6387  -30.6  -39.6     41   0.27    270     32  304.9  305.9  305.0
  440.0   6531  -31.9  -40.9     41   0.24    274     32  305.0  305.9  305.1
  433.0   6645  -32.3  -52.3     12   0.07    277     31  305.9  306.2  305.9
  426.0   6759  -33.3  -50.7     16   0.09    280     31  306.0  306.4  306.1
  400.0   7200  -37.3  -44.3     48   0.19    270     33  306.4  307.1  306.5
  397.0   7252  -37.7  -43.7     53   0.20    269     33  306.6  307.3  306.6
  357.0   7972  -44.1  -48.8     59   0.13    260     27  307.4  307.9  307.4
  340.0   8295  -47.0  -51.9     57   0.09    255     25  307.8  308.1  307.8
  324.0   8613  -49.9  -54.9     55   0.07    259     27  308.1  308.3  308.1
  300.0   9110  -54.1  -59.1     54   0.04    265     31  309.0  309.2  309.0
  284.0   9459  -56.7  -62.7     47   0.03    268     34  310.1  310.3  310.1
  273.0   9707  -57.5  -64.1     43   0.03    270     37  312.5  312.6  312.5
  250.0  10260  -59.3  -67.3     35   0.02    275     35  317.8  317.9  317.8
  243.0  10439  -59.9  -68.9     30   0.01    275     35  319.5  319.5  319.5
  240.0  10516  -60.3  -69.5     29   0.01    275     35  320.0  320.1  320.0
  227.0  10865  -60.9  -72.3     21   0.01    275     33  324.2  324.2  324.2
  220.0  11060  -61.3  -73.8     18   0.01    277     38  326.5  326.6  326.5
  209.0  11383  -59.2  -76.3      9   0.01    280     47  334.5  334.6  334.5
  200.0  11660  -57.5  -78.5      5   0.00    275     41  341.6  341.6  341.6
  188.0  12056  -54.4  -82.8      2   0.00    280     34  352.7  352.7  352.7
  184.0  12193  -53.3  -84.3      1   0.00    280     35  356.6  356.6  356.6
  164.0  12935  -54.1  -86.1      1   0.00    280     42  367.2  367.2  367.2
  150.0  13510  -53.5  -86.5      1   0.00    280     48  377.7  377.7  377.7
  135.0  14190  -50.3  -84.3      1   0.00    271     56  394.9  394.9  394.9
  134.0  14238  -50.3  -84.3      1   0.00    270     57  395.7  395.7  395.7
  126.0  14638  -50.4  -84.4      1   0.00    260     35  402.6  402.6  402.6
  122.0  14848  -50.4  -84.4      1   0.00    270     29  406.3  406.3  406.3
  118.0  15065  -50.5  -84.5      1   0.00    285     34  410.1  410.1  410.1
  114.0  15289  -50.5  -84.5      1   0.00    283     34  414.1  414.1  414.1
  102.0  16004  -54.9  -86.9      1   0.00    275     36  419.0  419.0  419.0
  100.0  16130  -54.7  -86.7      1   0.00    275     37  421.8  421.8  421.8
   91.0  16733  -55.3  -87.3      1   0.00    290     45  432.1  432.1  432.1
   85.1  17161  -55.7  -87.7      1   0.00    279     34  439.6  439.6  439.6
   83.0  17322  -54.8  -87.1      1   0.00    275     30  444.6  444.6  444.6
   79.2  17622  -53.1  -86.1      1   0.00    280     30  454.1  454.1  454.1
   75.0  17970  -55.4  -87.5      1   0.00    285     31  456.4  456.4  456.4
   70.0  18410  -58.3  -89.3      1   0.00    275     29  459.3  459.3  459.3
   66.0  18777  -60.5  -89.2      1   0.00    265     29  462.4  462.4  462.4
   62.8  19087  -62.3  -89.1      2   0.00    281     34  465.0  465.0  465.0
   62.0  19166  -61.9  -89.1      2   0.00    285     35  467.6  467.6  467.6
   59.0  19475  -60.2  -89.0      1   0.00    260     36  478.0  478.0  478.0
   56.7  19723  -58.9  -88.9      1   0.00    264     34  486.4  486.5  486.4
   54.0  20028  -59.8  -88.7      1   0.00    270     32  491.3  491.3  491.3
   53.0  20145  -60.1  -88.7      1   0.00    266     31  493.1  493.2  493.1
   50.0  20510  -58.5  -88.5      1   0.00    255     26  505.2  505.2  505.2
   49.0  20637  -58.4  -88.7      1   0.00    255     24  508.4  508.4  508.4
   47.0  20899  -58.1  -89.0      1   0.00    280     16  515.0  515.1  515.0
   46.6  20953  -58.1  -89.1      1   0.00                516.4  516.4  516.4

Station information and sounding indices

                         Station identifier: YMHB
                             Station number: 94975
                           Observation time: 130628/0000
                           Station latitude: -42.83
                          Station longitude: 147.50
                          Station elevation: 27.0
                            Showalter index: 8.29
                               Lifted index: 6.31
    LIFT computed using virtual temperature: 6.25
                                SWEAT index: 72.01
                                    K index: -14.30
                         Cross totals index: 13.10
                      Vertical totals index: 27.10
                        Totals totals index: 40.20
      Convective Available Potential Energy: 0.00
             CAPE using virtual temperature: 0.00
                      Convective Inhibition: 0.00
             CINS using virtual temperature: 0.00
                     Bulk Richardson Number: 0.00
          Bulk Richardson Number using CAPV: 0.00
  Temp [K] of the Lifted Condensation Level: 275.55
Pres [hPa] of the Lifted Condensation Level: 909.07
     Mean mixed layer potential temperature: 283.18
              Mean mixed layer mixing ratio: 5.03
              1000 hPa to 500 hPa thickness: 5428.00
Precipitable water [mm] for entire sounding: 9.76

Description of the data columns or sounding indices.

Interested in graduate studies in atmospheric science? Check out our program at the University of Wyoming Questions about the weather data provided by this site can be addressed to Larry Oolman (ldoolman@uwyo.edu) 
